1731847197245 218.09421300888062 0
1731847204023 201.62173211574554 1
1731847210427 191.88116037845612 2
1731847216790 186.70399808883667 3
1731847223399 183.80679631233215 4
1731847231318 180.71546006202698 5
1731847240612 177.08459663391113 6
1731847250406 175.6165121793747 7
1731847260653 173.6931473016739 8
1731847270743 173.11919331550598 9
1731847280773 171.29265904426575 10
1731847290978 170.51701509952545 11
1731847300896 168.39530038833618 12
1731847309923 167.302649974823 13
1731847318490 165.27882409095764 14
1731847327973 163.36175453662872 15
1731847335917 162.19049787521362 16
1731847343771 161.18872797489166 17
1731847353864 159.85060024261475 18
1731847363858 158.57266795635223 19
1731847373756 157.53052246570587 20
1731847384141 157.19567811489105 21
1731847394393 155.9719226360321 22
1731847404950 155.5494726896286 23
1731847415757 154.87620377540588 24
1731847425797 154.3575872182846 25
1731847436153 153.4224065542221 26
1731847446375 152.94180178642273 27
1731847456512 152.6795357465744 28
1731847466741 152.95350873470306 29
1731847477224 152.00502789020538 30
1731847487169 152.03505182266235 31
