1731847197267 0.410625 0
1731847204042 0.5275 1
1731847210448 0.6128125 2
1731847216820 0.6428125 3
1731847223426 0.6653125 4
1731847231350 0.6878125 5
1731847240652 0.72125 6
1731847250443 0.7290625 7
1731847260686 0.7484375 8
1731847270769 0.750625 9
1731847280813 0.76375 10
1731847291008 0.7725 11
1731847300932 0.8053125 12
1731847310002 0.8228125 13
1731847318529 0.836875 14
1731847328000 0.866875 15
1731847335941 0.8684375 16
1731847343801 0.8775 17
1731847353897 0.88875 18
1731847363893 0.900625 19
1731847373791 0.9059375 20
1731847384176 0.9125 21
1731847394429 0.920625 22
1731847404987 0.925625 23
1731847415793 0.9328125 24
1731847425834 0.933125 25
1731847436192 0.941875 26
1731847446413 0.9465625 27
1731847456549 0.94625 28
1731847466774 0.941875 29
1731847477261 0.951875 30
1731847487206 0.950625 31
